cnnaffinity,Smiles,h,fid
-5.20259,[H]c1nc([H])c(C(=O)N([H])S(=O)(=O)c2c([H])c([H])c([H])c(Cl)c2[H])c([H])c1[H],6,5771
-5.21401,[H]c1nc([H])c(-n2c([H])nc(-c3c([H])c([H])c(OC([H])([H])[H])c(OC([H])([H])[H])c3[H])c2[H])c([H])c1[H],6,16595
-5.28456,[H]c1nc([H])c(N([H])C(=O)[C@]([H])(c2c([H])c([H])c([H])c(Cl)c2Cl)C([H])([H])[H])c([H])c1[H],6,48883
-5.41543,[H]c1nc([H])c([C@@]([H])(C(=O)N([H])c2c([H])c([H])c([H])c(Cl)c2Cl)C([H])([H])[H])c([H])c1[H],6,48882
-5.30068,[H]c1nc(-c2c([H])c([H])c([H])c(Cl)c2Cl)nc(-c2c([H])nc([H])c([H])c2[H])c1[H],6,48890
-4.87024,[H]OC(=O)c1c([H])c([H])c([H])c(N2C([H])([H])C([H])([H])C([H])(c3c([H])nc([H])c([H])c3[H])C([H])([H])C2([H])[H])c1[H],6,14236
-5.5545,[H]c1nc([H])c(C(=O)N([H])S(=O)(=O)c2c([H])c([H])c([H])c(Cl)c2Cl)c([H])c1[H],6,48871
-5.49284,[H]c1nc([H])c(-c2nc(C([H])([H])c3c([H])c([H])c4c([H])c([H])c([H])c([H])c4c3[H])c([H])s2)c([H])c1[H],6,39850
-4.82699,[H]c1nc([H])c(C2([H])C([H])([H])C([H])([H])N(N([H])C(=O)C([H])([H])C([H])([H])C([H])([H])[H])C([H])([H])C2([H])[H])c([H])c1[H],6,41036
-5.14821,[H]c1nc([H])c(-c2nc([H])c([H])c(C3([H])C([H])([H])C([H])([H])N(C([H])([H])[H])C([H])([H])C3([H])[H])c2[H])c([H])c1[H],6,13075
-4.29492,[H]c1nc([H])c(N([H])C(=O)C2([H])C([H])([H])C([H])([H])OC([H])([H])C2([H])[H])c([H])c1[H],6,10702
-4.97703,[H]c1nc([H])c(S(=O)(=O)N([H])C(=O)c2c([H])c([H])c([H])c(Cl)c2Cl)c([H])c1[H],6,48870
-4.95747,[H]c1nc([H])c(N([H])C(=O)C([H])([H])C([H])([H])c2c([H])c([H])c(Cl)c(Cl)c2[H])c([H])c1[H],6,46616
-5.15332,[H]c1nc([H])c(N([H])C(=S)c2c([H])c([H])c([H])c(Cl)c2Cl)c([H])c1[H],6,48867
-5.22984,[H]c1nc([H])c(C(=S)N([H])c2c([H])c([H])c([H])c(Cl)c2Cl)c([H])c1[H],6,48866
-4.97499,[H]c1nc([H])c(N([H])C(=O)C([H])([H])Oc2c([H])c([H])c([H])c(C([H])([H])[H])c2[H])c([H])c1[H],6,45516
-4.77646,[H]c1nc([H])c(N([H])C(=S)c2nc([H])c([H])c(C([H])([H])[H])c2[H])c([H])c1[H],6,47567
-4.72799,[H]c1nc([H])c(N([H])C(=S)c2c([H])c([H])c(C([H])([H])C([H])([H])[H])c([H])c2[H])c([H])c1[H],6,22767
-5.10913,[H]c1nc([H])c(-n2c([H])nc(C(=O)N3C([H])([H])C([H])([H])N(C([H])([H])[H])C([H])([H])C3([H])[H])c2[H])c([H])c1[H],6,18095
-5.35893,[H]c1nc([H])c(N2C([H])([H])C([H])([H])C([H])(C([H])([H])c3c([H])c([H])c4c([H])c([H])c([H])c([H])c4c3[H])C([H])([H])C2([H])[H])c([H])c1[H],6,39835
-5.06916,[H]c1nc([H])c(-c2nc(C([H])([H])Oc3c([H])c([H])c([H])c([H])c3[H])c([H])s2)c([H])c1[H],6,28050
-0.0,[H]c1nc([H])c(N([H])C(=O)C([H])([H])C([H])([H])c2c([H])c([H])c3c([H])c([H])c([H])c([H])c3c2[H])c([H])c1[H],6,39816
-5.07569,[H]c1nc([H])c(-n2c([H])nc(C([H])([H])c3c([H])nc([H])c([H])c3[H])c2[H])c([H])c1[H],6,14995
-4.82295,[H]c1nc([H])c(C([H])([H])N(c2c([H])c([H])c([H])c(Cl)c2Cl)C([H])([H])[H])c([H])c1[H],6,48854
-4.86153,[H]c1nc([H])c(-n2nc([H])c(C([H])([H])N3C([H])([H])C([H])([H])C([H])([H])C([H])([H])C3([H])[H])c2[H])c([H])c1[H],6,6060
-4.70524,[H]c1nc([H])c(C(=O)N(c2c([H])c([H])c([H])c(Cl)c2Cl)C([H])([H])[H])c([H])c1[H],6,48847
-5.2819,[H]c1nc([H])c(-c2nnn(C([H])([H])c3c([H])c([H])c4c([H])c([H])c([H])c([H])c4c3[H])c2[H])c([H])c1[H],6,39865
-5.31645,[H]c1nc([H])c(-c2nc(N(C([H])([H])[H])C([H])([H])c3c([H])c([H])c([H])c([H])c3[H])c([H])c([H])c2[H])c([H])c1[H],6,44080
-4.99197,[H]c1nc([H])c(C(=O)C([H])([H])C([H])([H])c2c([H])c([H])c(Cl)c(Cl)c2[H])c([H])c1[H],6,46619
-5.06803,[H]c1nc(C(=O)N([H])C([H])([H])c2c([H])nc([H])c([H])c2[H])nc(C(F)(F)F)c1[H],6,38614
-5.2355,[H]c1nc([H])c(-c2c([H])c([H])c([H])c(-c3c([H])c([H])c([H])c(Cl)c3Cl)c2[H])c([H])c1[H],6,48844
-5.40643,[H]c1nc([H])c(C(=O)N([H])[C@@]([H])(c2c([H])c([H])c([H])c(Cl)c2Cl)C([H])([H])[H])c([H])c1[H],6,48837
-4.30801,[H]c1nc([H])c(-n2c([H])nc(C([H])([H])OC([H])([H])[H])c2[H])c([H])c1[H],6,7995
-4.46571,[H]c1nc([H])c(C(=O)N([H])S(=O)(=O)C([H])([H])N2C([H])([H])C([H])([H])C([H])([H])C([H])([H])C2([H])[H])c([H])c1[H],6,6071
-4.94091,[H]c1nc([H])c(C([H])([H])Oc2c([H])c([H])c([H])c(N([H])C(=O)C([H])([H])[H])c2[H])c([H])c1[H],6,46907
-4.8034,[H]c1nc([H])c(C(=O)N([H])S(=O)(=O)SC([H])([H])c2c([H])c([H])c([H])c([H])c2[H])c([H])c1[H],6,38071
-4.79233,[H]c1nc([H])c(C([H])([H])OC(=O)c2c([H])c([H])c([H])c(Cl)c2Cl)c([H])c1[H],6,48832
-4.51267,[H]c1nc([H])c(C(=O)N([H])S(=O)(=O)c2nc(C([H])([H])[H])c([H])c([H])c2[H])c([H])c1[H],6,20471
-5.28592,[H]c1nc(C(=O)N([H])c2c([H])nc([H])c([H])c2[H])nc(C(F)(F)F)c1[H],6,38602
-4.81116,[H]c1nc([H])c(N([H])C(=S)c2nc(C([H])([H])[H])c([H])c([H])c2[H])c([H])c1[H],6,20467
-4.96255,[H]c1nc([H])c(N([H])C(=O)N([H])c2c([H])c([H])c([H])c(Cl)c2Cl)c([H])c1[H],6,48818
-4.68092,[H]c1nc([H])c(-c2c([H])nn(C([H])([H])C([H])([H])N(C([H])([H])C([H])([H])[H])C([H])([H])C([H])([H])[H])c2[H])c([H])c1[H],6,48961
-4.66014,[H]c1nc([H])c(N([H])C(=S)c2nc([H])c(C([H])([H])[H])c([H])c2[H])c([H])c1[H],6,45467
-4.927,[H]c1nc([H])c(C([H])([H])N([H])C(=O)c2c([H])c([H])c([H])c(Cl)c2Cl)c([H])c1[H],6,48814
-4.66517,[H]c1nc([H])c(N([H])S(=O)(=O)c2c([H])c([H])c([H])c(Cl)c2Cl)c([H])c1[H],6,48810
-4.67883,[H]c1nc([H])c(C(=O)N([H])S(=O)(=O)N([H])c2c([H])nc([H])c([H])c2[H])c([H])c1[H],6,28210
-5.02707,[H]c1nc([H])c(-n2nc([H])c(C([H])([H])Oc3c([H])c([H])c([H])c([H])c3[H])c2[H])c([H])c1[H],6,28060
-4.70591,[H]c1nc([H])c(Oc2c([H])c([H])c([H])c(Cl)c2Cl)c([H])c1[H],6,48805
-5.16858,[H]c1nc(-c2c([H])nc([H])c([H])c2[H])c([H])c(C([H])([H])c2c([H])nc([H])c([H])c2[H])n1,6,14977
-4.34717,[H]c1nc([H])c(-c2nc(C([H])([H])C([H])([H])[H])c([H])s2)c([H])c1[H],6,550
-5.1646,[H]c1nc([H])c(C(=O)N([H])S(=O)(=O)c2c([H])c([H])c(OC([H])([H])C([H])([H])[H])c([H])c2[H])c([H])c1[H],6,18871
-5.03505,[H]c1nc([H])c(-n2c([H])nc(-c3c([H])c([H])c([H])c(C([H])([H])N([H])[H])c3[H])c2[H])c([H])c1[H],6,38595
-4.91662,[H]c1nc([H])c(C2([H])C([H])([H])C([H])([H])N(C([H])([H])Oc3c([H])c([H])c([H])c([H])c3[H])C([H])([H])C2([H])[H])c([H])c1[H],6,28036
-4.70783,[H]c1nc([H])c(-n2c([H])nc(C([H])([H])C3([H])C([H])([H])C3([H])[H])c2[H])c([H])c1[H],6,12995
-4.89297,[H]c1nc([H])c(N([H])C(=O)c2c([H])c([H])c([H])c(Cl)c2Cl)c([H])c1[H],6,48802
-4.11485,[H]c1nc([H])c(C([H])([H])OC(=O)OC2([H])C([H])([H])C([H])([H])N(C([H])([H])[H])C([H])([H])C2([H])[H])c([H])c1[H],6,32532
-5.03471,[H]c1nc([H])c(N2C([H])([H])C([H])([H])N(C([H])([H])Oc3c([H])c([H])c([H])c([H])c3[H])C([H])([H])C2([H])[H])c([H])c1[H],6,28033
-4.09875,[H]c1nc([H])c(-c2nc(C([H])([H])OC([H])([H])[H])c([H])s2)c([H])c1[H],6,7950
-4.73119,[H]c1nc([H])c(-n2nnc(C([H])([H])N3C([H])([H])C([H])([H])N(C([H])([H])[H])C([H])([H])C3([H])[H])c2[H])c([H])c1[H],6,14164
-4.98588,[H]c1nc([H])c(C(=S)N([H])c2c([H])nc([H])c([H])c2[H])s1,6,41467
-5.18953,[H]c1nc(-c2c([H])c([H])nc(-c3c([H])nc([H])c([H])c3[H])c2[H])nc(C(F)(F)F)c1[H],6,38675
-4.48651,[H]c1nc([H])c(-c2nc(C([H])([H])C([H])([H])N([H])[H])c([H])s2)c([H])c1[H],6,6750
-4.89432,[H]c1nc([H])c([C@]([H])(N([H])C(=O)C(=O)N2C([H])([H])C([H])([H])C([H])([H])C([H])([H])C2([H])[H])C([H])([H])[H])c([H])c1[H],6,11838
-5.22465,[H]c1nc([H])c(C(=O)N([H])[C@@]([H])(C(=O)N2C([H])([H])C([H])([H])C([H])([H])C([H])([H])C2([H])[H])C([H])([H])[H])c([H])c1[H],6,11837
-4.61556,[H]OC(=O)C([H])([H])C([H])([H])c1nc(-c2c([H])nc([H])c([H])c2[H])sc1[H],6,6950
-4.72107,[H]c1nc([H])c(SC([H])([H])c2c([H])c([H])c(Cl)c(Cl)c2[H])c([H])c1[H],6,46625
-4.45248,[H]c1nc([H])c(-c2nc(N3C([H])([H])C([H])([H])N(C([H])([H])[H])C([H])([H])C3([H])[H])c([H])c([H])c2[H])c([H])c1[H],6,3380
-4.89098,[H]c1nc([H])c(-n2nc([H])c(C([H])([H])N3C([H])([H])C([H])([H])N(C([H])([H])[H])C([H])([H])C3([H])[H])c2[H])c([H])c1[H],6,14160
-4.62527,[H]c1nc([H])c(N([H])C(=O)C([H])([H])Oc2c([H])c([H])c([H])c([H])c2[H])c([H])c1[H],6,4116
-5.29313,[H]c1nc([H])c(N2C([H])([H])C([H])([H])C([H])(C(=O)N3C([H])([H])C([H])([H])C([H])([H])C([H])([H])C3([H])[H])C([H])([H])C2([H])[H])c([H])c1[H],6,11835
-4.88934,[H]c1nc([H])c(-c2nc(N3C([H])([H])C([H])([H])N(C([H])([H])[H])C([H])([H])C([H])([H])C3([H])[H])c([H])c([H])c2[H])c([H])c1[H],6,29680
-5.19593,[H]c1nc([H])c(-c2nc(N3C([H])([H])C([H])([H])N(c4c([H])c([H])c([H])c([H])c4[H])C([H])([H])C3([H])[H])c([H])c([H])c2[H])c([H])c1[H],6,28980
-4.95805,[H]c1nc([H])c(N([H])C(=S)c2nc([H])c(C(F)(F)F)c([H])c2[H])c([H])c1[H],6,35367
-4.62971,[H]c1nc([H])c(N([H])C(=O)C([H])([H])C([H])([H])c2c([H])c([H])c(Cl)c([H])c2[H])c([H])c1[H],6,18516
-4.33737,[H]c1nc([H])c(-n2nnc(C([H])([H])C([H])([H])[H])c2[H])c([H])c1[H],6,564
-4.68476,[H]c1nc([H])c([C@@]([H])(C(=O)N2C([H])([H])C([H])([H])C([H])([H])C([H])([H])C2([H])[H])C([H])([H])[H])c([H])c1[H],6,11834
-4.86927,[H]c1nc([H])c(-n2c([H])nc(-c3c([H])c([H])c([H])c([H])c3C([H])([H])[H])c2[H])c([H])c1[H],6,12495
-4.20909,[H]c1nc([H])c(N([H])[C@]([H])(C(=O)N2C([H])([H])C([H])([H])C([H])([H])C([H])([H])C2([H])[H])C([H])([H])[H])c([H])c1[H],6,11828
-5.03412,[H]c1nc([H])c(C(=O)N([H])S(=O)(=O)c2c([H])c([H])c([H])c(C([H])([H])N([H])[H])c2[H])c([H])c1[H],6,38571
-3.77725,[H]c1nc([H])c(N([H])C(=O)C([H])([H])[H])c([H])c1[H],6,3103
-4.86908,[H]c1nc([H])c(-n2c([H])nc(N3C([H])([H])C([H])([H])N(C([H])([H])[H])C([H])([H])C3([H])[H])c2[H])c([H])c1[H],6,3395
-4.84829,[H]OC([H])([H])C1([H])C([H])([H])C([H])([H])N(c2nc(-c3c([H])nc([H])c([H])c3[H])c([H])c([H])c2[H])C([H])([H])C1([H])[H],6,36480
-0.0,[H]c1nc([H])c(C2([H])C([H])([H])C([H])([H])N(c3c([H])c([H])c([H])c(N([H])C(=O)C([H])([H])[H])c3[H])C([H])([H])C2([H])[H])c([H])c1[H],6,46936
-4.98286,[H]c1nc(-c2c([H])nc([H])c([H])c2[H])c(N2C([H])([H])C([H])([H])N(C([H])([H])[H])C([H])([H])C2([H])[H])nc1[H],6,3398
-5.18944,[H]c1nc([H])c(-n2c([H])nc(N([H])c3c([H])c([H])c(OC([H])([H])[H])c([H])c3[H])c2[H])c([H])c1[H],6,18495
-4.76851,[H]c1nc([H])c(N([H])C(=O)N([H])c2c([H])c([H])c([H])c([H])c2Cl)c([H])c1[H],6,6218
-5.30048,[H]c1nc([H])c(-n2c([H])nc(C([H])([H])c3sc([H])c([H])c3[H])c2[H])c([H])c1[H],6,23595
-5.5699,[H]c1nc(-c2c([H])nc([H])c([H])c2[H])c(N([H])c2c([H])c([H])nc([H])c2[H])nc1[H],6,34198
-4.37289,[H]c1nc([H])c(-c2nc(C([H])([H])N([H])C(=O)C([H])([H])[H])c([H])s2)c([H])c1[H],6,16050
-5.09688,[H]c1nc(N([H])C(=O)[C@]([H])(c2c([H])nc([H])c([H])c2[H])C([H])([H])[H])nc(C(F)(F)F)c1[H],6,38682
-4.89691,[H]c1nc(-c2c([H])nc([H])c([H])c2[H])c([H])c(C([H])([H])C2([H])C([H])([H])C2([H])[H])n1,6,12977
-5.1312,[H]c1nc([H])c(-n2c([H])nc(C([H])([H])N(C([H])([H])[H])C([H])([H])c3c([H])c([H])c([H])c([H])c3[H])c2[H])c([H])c1[H],6,39695
-5.16702,[H]c1nc([H])c(-c2nc(N([H])c3c([H])c([H])c(OC([H])([H])[H])c([H])c3[H])c([H])c([H])c2[H])c([H])c1[H],6,18480
-4.71621,[H]c1nc([H])c(C(=O)N([H])S(=O)(=O)N([H])c2c([H])c([H])c([H])c([H])c2[H])c([H])c1[H],6,4371
-4.61878,[H]c1nc([H])c(C(=O)N([H])S(=O)(=O)c2c([H])c([H])nc(OC([H])([H])[H])c2[H])c([H])c1[H],6,30471
-4.9167,[H]c1nc([H])c(-n2c([H])nc(C(=O)c3c([H])c([H])c(OC([H])([H])[H])c([H])c3[H])c2[H])c([H])c1[H],6,35795
-5.19245,[H]c1nc(-c2nc([H])n(-c3c([H])nc([H])c([H])c3[H])c2[H])nc(C(F)(F)F)c1[H],6,38695
-4.67883,[H]c1nc([H])c(C(=O)N([H])S(=O)(=O)N([H])c2c([H])nc([H])c([H])c2[H])c([H])c1[H],6,33271
-4.67592,[H]c1nc([H])c(N([H])C(=S)c2sc(Cl)c([H])c2[H])c([H])c1[H],6,20067
-5.2932,[H]c1nc(-c2c([H])nc([H])c([H])c2[H])c(N([H])c2c([H])c([H])c(C([H])([H])[H])c([H])c2[H])nc1[H],6,39298
-5.06719,[H]c1nc([H])c(-c2nc(C([H])([H])c3c([H])nc([H])c([H])c3[H])c([H])s2)c([H])c1[H],6,14950
-4.67913,[H]c1nc([H])c(C(=S)N([H])C([H])([H])C([H])([H])Oc2c([H])c([H])c([H])c([H])c2[H])c([H])c1[H],6,43266
-5.01782,[H]c1nc([H])c(-c2nc(C([H])([H])c3sc([H])c([H])c3[H])c([H])s2)c([H])c1[H],6,23550
-4.83357,[H]c1nc([H])c(C(=S)N([H])c2c([H])c([H])c([H])c([H])c2Cl)c([H])c1[H],6,6266
-4.68265,[H]c1nc([H])c(N([H])C(=S)c2c([H])c([H])c([H])c([H])c2Cl)c([H])c1[H],6,6267
-4.30726,[H]c1nc([H])c(-n2nnc(C([H])([H])Cl)c2[H])c([H])c1[H],6,40964
-4.62457,[H]c1nc([H])c(C(=O)N([H])S(=O)(=O)C([H])([H])N(C([H])([H])[H])C([H])([H])c2c([H])c([H])c([H])c([H])c2[H])c([H])c1[H],6,39671
-4.85314,[H]c1nc([H])c(N([H])C(=S)c2c([H])c([H])c([H])c([H])c2OC([H])([H])[H])c([H])c1[H],6,8267
-4.70069,[H]c1nc([H])c([C@@]([H])(C(=O)N([H])c2c([H])c([H])c([H])c([H])c2Cl)C([H])([H])[H])c([H])c1[H],6,6282
-4.51656,[H]c1nc([H])c(-n2c([H])nc(S(=O)(=O)C([H])([H])C([H])([H])[H])c2[H])c([H])c1[H],6,28395
-5.11927,[H]c1nc([H])c(C(=O)N([H])[C@@]([H])(C(=O)N2C([H])([H])C([H])([H])N(C([H])([H])[H])C([H])([H])C2([H])[H])C([H])([H])[H])c([H])c1[H],6,18037
-4.87511,[H]c1nc([H])c(C(=O)N([H])S(=O)(=O)c2c([H])c([H])c([H])c(S(=O)(=O)C([H])([H])[H])c2[H])c([H])c1[H],6,47771
-5.1412,[H]c1nc([H])c(-c2nc(C([H])([H])c3c([H])c([H])c(C([H])([H])[H])c([H])c3[H])c([H])s2)c([H])c1[H],6,32350
-5.14263,[H]c1nc([H])c(-n2nnc(C([H])([H])N(C([H])([H])[H])C([H])([H])c3c([H])c([H])c([H])c([H])c3[H])c2[H])c([H])c1[H],6,39664
-5.16162,[H]c1nc([H])c(N2C([H])([H])C([H])([H])C([H])(C([H])([H])c3c([H])c([H])c([H])c(Cl)c3[H])C([H])([H])C2([H])[H])c([H])c1[H],6,25235
-5.20692,[H]c1nc(C2([H])C([H])([H])C([H])([H])N(c3c([H])nc([H])c([H])c3[H])C([H])([H])C2([H])[H])nc(C(F)(F)F)c1[H],6,38635
-4.88729,[H]c1nc([H])c(N([H])C(=O)C([H])([H])Oc2c([H])c([H])c(OC([H])([H])[H])c([H])c2[H])c([H])c1[H],6,32916
-4.54669,[H]c1nc([H])c(-c2nc(C([H])([H])C([H])([H])C([H])([H])[H])c([H])s2)c([H])c1[H],6,1450
-3.97043,[H]c1nc([H])c([C@@]([H])(C(=O)N2C([H])([H])C([H])([H])N(C([H])([H])[H])C([H])([H])C2([H])[H])C([H])([H])[H])c([H])c1[H],6,18034
-5.1564,[H]c1nc([H])c(-c2nc([H])c([H])c(-c3c([H])c([H])c([H])c([H])c3OC([H])([H])[H])c2[H])c([H])c1[H],6,8275
-3.97548,[H]c1nc([H])c(-n2c([H])nc(C([H])([H])C([H])([H])[H])c2[H])c([H])c1[H],6,595
-4.84845,[H]c1nc(-c2c([H])c([H])c([H])c([H])c2OC([H])([H])[H])nc(-c2c([H])nc([H])c([H])c2[H])c1[H],6,8290
-5.3946,[H]c1nc([H])c(-c2nc([H])n(C([H])([H])c3c([H])c([H])c4c([H])c([H])c([H])c([H])c4c3[H])c2[H])c([H])c1[H],6,39896
-4.83136,[H]c1nc([H])c(N([H])C(=O)[C@]([H])(c2c([H])nc([H])c([H])c2[H])C([H])([H])[H])c([H])c1[H],6,17034
-4.93767,[H]c1nc([H])c(-c2nc(C([H])([H])N(C([H])([H])C([H])([H])[H])C([H])([H])C([H])([H])[H])c([H])s2)c([H])c1[H],6,13250
-5.26827,[H]c1nc([H])c(-n2nnc(N([H])c3c([H])c([H])c(Cl)c([H])c3[H])c2[H])c([H])c1[H],6,45064
-4.99703,[H]c1nc([H])c(-n2c([H])nc(-c3c([H])c([H])c([H])c([H])c3OC([H])([H])[H])c2[H])c([H])c1[H],6,8295
-4.8124,[H]c1nc([H])c(-c2nc(C([H])([H])C(F)(F)F)c([H])s2)c([H])c1[H],6,49150
-4.48238,[H]OC([H])([H])C([H])([H])C([H])([H])c1nc(-c2c([H])nc([H])c([H])c2[H])sc1[H],6,21950
-5.04249,[H]C(=Nc1c([H])nc([H])c([H])c1[H])C([H])([H])c1c([H])c([H])c(Cl)c(Cl)c1[H],6,46639
-5.12522,[H]c1nc([H])c(N([H])C(=O)C2([H])C([H])([H])C([H])([H])N(c3c([H])nc([H])c([H])c3[H])C([H])([H])C2([H])[H])c([H])c1[H],6,17035
-4.9561,[H]c1nc([H])c(C(=O)N([H])S(=O)(=O)OC([H])([H])c2c([H])c([H])c([H])c([H])c2[H])c([H])c1[H],6,3471
-4.92702,[H]c1nc([H])c(C(=O)N([H])S(=O)(=O)c2sc([H])c([H])c2[H])c([H])c1[H],6,3871
-4.77965,[H]c1nc([H])c(-c2nc(C([H])([H])C([H])([H])N([H])C(=O)C([H])([H])[H])c([H])s2)c([H])c1[H],6,38150
-4.65878,[H]c1nc([H])c([C@@]([H])(C(=O)N([H])c2c([H])nc(Cl)c([H])c2[H])C([H])([H])[H])c([H])c1[H],6,26882
-4.88719,[H]c1nc([H])c(C(=O)N([H])S(=O)(=O)N([H])c2c([H])c([H])nc([H])c2[H])c([H])c1[H],6,34171
-5.08134,[H]c1nc([H])c(C(=O)N([H])S(=O)(=O)c2c([H])c([H])c([H])c(C([H])([H])[H])c2[H])c([H])c1[H],6,7071
-4.64029,[H]c1nc([H])c(C(=O)N([H])[C@@]([H])(c2c([H])nc(C(F)(F)F)c([H])c2[H])C([H])([H])[H])c([H])c1[H],6,42137
-4.91144,[H]c1nc([H])c(-c2nc(N([H])C(=O)C3([H])C([H])([H])C3([H])[H])c([H])c([H])c2[H])c([H])c1[H],6,43680
-4.40059,[H]c1nc([H])c(-c2nc(C([H])([H])N(C([H])([H])[H])C([H])([H])[H])c([H])s2)c([H])c1[H],6,5550
-4.7772,[H]c1nc([H])c(N([H])C(=S)c2c([H])c([H])nc([H])c2[H])c([H])c1[H],6,1367
-4.70825,[H]c1nc([H])c(N([H])C(=O)C([H])([H])C([H])([H])c2c([H])c([H])c(C([H])([H])[H])c([H])c2[H])c([H])c1[H],6,32316
-4.72701,[H]c1nc([H])c(-c2nc(C([H])([H])N(C([H])([H])[H])C([H])([H])c3c([H])c([H])c([H])c([H])c3[H])c([H])s2)c([H])c1[H],6,39650
-5.01444,[H]c1nc([H])c(-n2nnc(C([H])([H])c3c([H])c([H])c(C([H])([H])[H])c([H])c3[H])c2[H])c([H])c1[H],6,32364
-4.62271,[H]c1nc([H])c(C([H])([H])S(=O)(=O)c2c([H])c([H])c([H])c(-c3c([H])c([H])c([H])c([H])c3[H])c2[H])c([H])c1[H],6,34746
-5.19811,[H]OC(=O)c1c(C([H])([H])c2c([H])c([H])nc(-c3c([H])nc([H])c([H])c3[H])c2[H])c(C([H])([H])[H])nn1[H],6,40375
-5.20297,[H]c1nc([H])c(N([H])C(=S)c2oc3c([H])c([H])c([H])c([H])c3c2[H])c([H])c1[H],6,15367
-4.97694,[H]c1nc([H])c(N([H])C(=S)c2nc(C([H])([H])[H])sc2[H])c([H])c1[H],6,20567
-5.43949,[H]c1nc([H])c(-c2nc([H])n(C([H])([H])c3c([H])c([H])c(Cl)c(Cl)c3[H])c2[H])c([H])c1[H],6,46696
-5.47079,[H]c1nc([H])c([C@]2([H])C([H])([H])C([H])([H])[C@@]([H])(C([H])([H])c3c([H])c([H])c(Cl)c(Cl)c3[H])C([H])([H])C2([H])[H])c([H])c1[H],6,46694
-4.74492,[H]c1nc([H])c(C([H])([H])N([H])C(=O)c2nc([H])c(C(F)(F)F)c([H])c2[H])c([H])c1[H],6,35314
-5.02363,[H]c1nc([H])c(C(=O)N([H])S(=O)(=O)C([H])([H])C([H])([H])N2C([H])([H])C([H])([H])C([H])([H])C([H])([H])C2([H])[H])c([H])c1[H],6,19971
-5.28114,[H]c1nc([H])c(C(=O)N([H])S(=O)(=O)c2oc3c([H])c([H])c([H])c([H])c3c2[H])c([H])c1[H],6,15371
-5.01599,[H]c1nc([H])c(N([H])C(=S)c2c([H])nc(C(F)(F)F)c([H])c2[H])c([H])c1[H],6,42167
-4.94457,[H]c1nc([H])c(N([H])C(=S)c2c([H])c([H])c(C([H])(C([H])([H])[H])C([H])([H])[H])c([H])c2[H])c([H])c1[H],6,41667
-5.10393,[H]c1nc([H])c(-c2nc([H])n(C([H])([H])c3c([H])c([H])nc([H])c3[H])c2[H])c([H])c1[H],6,10496
-4.72107,[H]c1nc([H])c(SC([H])([H])c2c([H])c([H])c(Cl)c(Cl)c2[H])c([H])c1[H],6,15722
-5.17661,[H]c1nc([H])c(C(=O)N([H])S(=O)(=O)c2c([H])c([H])c([H])c(N([H])C(=O)C([H])([H])[H])c2[H])c([H])c1[H],6,46971
-5.19096,[H]c1nc([H])c(C(=O)N2C([H])([H])C([H])(C([H])([H])c3c([H])c([H])c(Cl)c(Cl)c3[H])C2([H])[H])c([H])c1[H],6,46686
-4.622,[H]c1nc([H])c(N([H])C(=O)[C@]([H])(N2C([H])([H])C([H])([H])C([H])([H])C([H])([H])C2([H])[H])C([H])([H])[H])c([H])c1[H],6,3783
-4.8158,[H]c1nc([H])c(-c2nc(C([H])([H])C3([H])C([H])([H])C3([H])[H])c([H])s2)c([H])c1[H],6,12950
-5.02851,[H]c1nc([H])c(-c2c([H])c([H])nc(-c3c([H])c([H])c(OC([H])([H])[H])c(OC([H])([H])[H])c3[H])c2[H])c([H])c1[H],6,16576
-4.87947,[H]c1nc([H])c(N([H])C(=O)c2nc([H])c(C(F)(F)F)c([H])c2[H])c([H])c1[H],6,35302
-5.01185,[H]c1nc([H])c(-n2nnc(C([H])([H])C([H])([H])N3C([H])([H])C([H])([H])C([H])([H])C([H])([H])C3([H])[H])c2[H])c([H])c1[H],6,19964
-5.30397,[H]c1nc([H])c(N([H])C(=O)[C@@]([H])(C([H])([H])[H])C([H])([H])c2c([H])c([H])c(Cl)c(Cl)c2[H])c([H])c1[H],6,46683
-5.68395,[H]c1nc(-c2c([H])nc([H])c([H])c2[H])c([H])c(C([H])([H])c2c([H])c([H])c(Cl)c(Cl)c2[H])n1,6,46677
-5.61768,[H]c1nc([H])c(-c2c([H])c([H])nc(C([H])([H])c3c([H])c([H])c(Cl)c(Cl)c3[H])c2[H])c([H])c1[H],6,46676
-4.84531,[H]c1nc([H])c(C(=O)N([H])S(=O)(=O)C([H])([H])c2c([H])c([H])c(Cl)c(Cl)c2[H])c([H])c1[H],6,46671
-4.29644,[H]c1nc([H])c(C(=O)N([H])S(=O)(=O)OC([H])([H])[H])c([H])c1[H],6,171
-4.62724,[H]c1nc([H])c(-c2nc([H])n(C([H])([H])c3c([H])c([H])c(C([H])([H])[H])c([H])c3[H])c2[H])c([H])c1[H],6,32396
-4.83136,[H]c1nc([H])c(N([H])C(=O)[C@]([H])(c2c([H])nc([H])c([H])c2[H])C([H])([H])[H])c([H])c1[H],6,1283
-5.18883,[H]c1nc([H])c(C(=O)N([H])S(=O)(=O)c2c([H])c([H])c(N([H])C(=O)C([H])([H])[H])c([H])c2[H])c([H])c1[H],6,29771
-4.83136,[H]c1nc([H])c(N([H])C(=O)[C@]([H])(c2c([H])nc([H])c([H])c2[H])C([H])([H])[H])c([H])c1[H],6,1282
-4.80046,[H]c1nc([H])c(N([H])C(=O)OC([H])([H])c2c([H])c([H])c(Cl)c(Cl)c2[H])c([H])c1[H],6,46663
-5.19049,[H]c1nc([H])c(-c2nc([H])c(N([H])C(=O)C3([H])C([H])([H])C3([H])[H])c([H])c2[H])c([H])c1[H],6,43657
-4.88287,[H]c1nc([H])c(-c2nc(C([H])([H])C([H])([H])C([H])([H])N(C([H])([H])[H])C([H])([H])[H])c([H])s2)c([H])c1[H],6,26950
-5.33094,[H]c1nc([H])c(N2C([H])([H])C([H])([H])C([H])(C([H])([H])c3c([H])c([H])c(F)c([H])c3[H])C([H])([H])C2([H])[H])c([H])c1[H],6,12035
-5.63107,[H]c1nc([H])c(-n2nc([H])c(C([H])([H])c3c([H])c([H])c(Cl)c(Cl)c3[H])c2[H])c([H])c1[H],6,46660
-4.48254,[H]c1nc([H])c(C(=O)N([H])S(=O)(=O)c2c([H])sc([H])c2[H])c([H])c1[H],6,11371
-4.62527,[H]c1nc([H])c(N([H])C(=O)C([H])([H])Oc2c([H])c([H])c([H])c([H])c2[H])c([H])c1[H],6,28002
-5.1582,[H]c1nc([H])c(-c2nc(C([H])([H])c3c([H])c([H])c(F)c([H])c3[H])c([H])s2)c([H])c1[H],6,12050
-4.85327,[H]c1nc([H])c(-c2nc(C([H])([H])c3c([H])c([H])c([H])c([H])c3[H])c([H])s2)c([H])c1[H],6,1150
-4.90687,[H]c1nc([H])c(N([H])C(=O)C([H])([H])C([H])([H])c2c([H])c([H])c(OC([H])([H])[H])c([H])c2[H])c([H])c1[H],6,15416
-4.67539,[H]c1nc([H])c(C(=S)N([H])c2c([H])nc([H])c([H])c2[H])c([H])c1[H],6,1267
-4.81956,[H]c1nc([H])c(-n2c([H])nc(C([H])([H])N(C([H])([H])C([H])([H])[H])C([H])([H])C([H])([H])[H])c2[H])c([H])c1[H],6,13295
-5.17026,[H]c1nc([H])c(C(=O)N([H])S(=O)(=O)OC([H])([H])c2c([H])nc([H])c([H])c2[H])c([H])c1[H],6,31171
-4.67539,[H]c1nc([H])c(C(=S)N([H])c2c([H])nc([H])c([H])c2[H])c([H])c1[H],6,1266
-5.08288,[H]c1nc([H])c(N([H])C(=S)c2nc(OC([H])([H])[H])c([H])c([H])c2[H])c([H])c1[H],6,22967
-5.13557,[H]c1nc([H])c(-n2nnc(C([H])([H])c3c([H])c([H])c(F)c([H])c3[H])c2[H])c([H])c1[H],6,12064
-5.06823,[H]c1nc([H])c(-n2c([H])nc(S(=O)(=O)N(C([H])([H])[H])C([H])([H])[H])c2[H])c([H])c1[H],6,35595
-5.59777,[H]c1nc([H])c(-c2nc([H])c(C([H])([H])c3c([H])c([H])c(Cl)c(Cl)c3[H])c([H])c2[H])c([H])c1[H],6,46657
-5.04797,[H]c1nc([H])c(C(=S)N([H])C([H])([H])c2c([H])c([H])c(OC([H])([H])[H])c([H])c2[H])c([H])c1[H],6,15466
-5.08285,[H]c1nc([H])c(-c2nc([H])n(C([H])([H])c3c([H])c([H])c(F)c([H])c3[H])c2[H])c([H])c1[H],6,12096
-5.20586,[H]c1nc([H])c(-c2c([H])c([H])nc(-c3c([H])c([H])c4c([H])c([H])n([H])c4c3[H])c2[H])c([H])c1[H],6,39976
-4.87194,[H]c1nc([H])c(C(=S)N([H])c2c([H])c(OC([H])([H])[H])c([H])c(OC([H])([H])[H])c2[H])c([H])c1[H],6,39566
-4.66402,[H]c1nc([H])c([C@@]([H])(C(=O)N([H])c2c([H])c(OC([H])([H])[H])c([H])c(OC([H])([H])[H])c2[H])C([H])([H])[H])c([H])c1[H],6,39582
-4.48939,[H]c1nc([H])c(C(=O)N([H])S(=O)(=O)C([H])([H])c2c([H])c([H])c([H])c([H])c2[H])c([H])c1[H],6,1171
-4.90063,[H]c1nc([H])c(-c2nc([H])n(C([H])([H])c3c([H])c([H])c([H])c([H])c3[H])c2[H])c([H])c1[H],6,1196
-4.73762,[H]c1nc([H])c(-n2c([H])nc(C([H])([H])Oc3c([H])c([H])c([H])c([H])c3[H])c2[H])c([H])c1[H],6,28095
-4.71002,[H]c1nc([H])c(N2C([H])([H])C([H])([H])N(C([H])([H])N3C([H])([H])C([H])([H])C([H])([H])C([H])([H])C3([H])[H])C([H])([H])C2([H])[H])c([H])c1[H],6,6033
-5.1723,[H]c1nc([H])c(N([H])C(=O)[C@]([H])(c2c([H])nc(Cl)c([H])c2[H])C([H])([H])[H])c([H])c1[H],6,26883
-4.0515,[H]c1nc([H])c(N([H])[C@]([H])(C(=O)OC([H])([H])[H])C([H])([H])[H])c([H])c1[H],6,2728
-4.64804,[H]c1nc([H])c(N([H])C(=O)C([H])([H])OC([H])([H])C([H])([H])C([H])([H])N2C([H])([H])C([H])([H])C([H])([H])C([H])([H])C2([H])[H])c([H])c1[H],6,17616
-4.77495,[H]c1nc([H])c(C(=O)N(c2nc(C(F)(F)F)c([H])c([H])c2[H])C([H])([H])[H])c([H])c1[H],6,49547
-5.38502,[H]c1nc([H])c(-n2c([H])nc(C([H])([H])C([H])([H])C([H])([H])c3c([H])c([H])c([H])c([H])c3[H])c2[H])c([H])c1[H],6,13995
-5.36559,[H]c1nc([H])c(C(=O)N([H])S(=O)(=O)c2nc([H])c([H])c(C([H])([H])[H])c2[H])c([H])c1[H],6,47571
-5.47174,[H]c1nc([H])c(-c2nc([H])n(C([H])([H])Oc3c([H])c([H])c([H])c([H])c3[H])c2[H])c([H])c1[H],6,28096
-4.95035,[H]c1nc([H])c(N([H])C(=S)N(C([H])([H])[H])C([H])([H])c2c([H])c([H])c([H])c([H])c2[H])c([H])c1[H],6,44067
-4.16335,[H]O[C@@]([H])(N1C([H])([H])C([H])([H])C([H])(c2c([H])nc([H])c([H])c2[H])C([H])([H])C1([H])[H])C([H])([H])[H],6,16636
-4.5702,[H]c1nc([H])c(-n2c([H])nc(C([H])([H])N(C([H])([H])[H])C([H])([H])[H])c2[H])c([H])c1[H],6,5595
-5.21682,[H]c1nc([H])c(-n2nnc(C(=O)c3c([H])c([H])c(C([H])([H])[H])c([H])c3[H])c2[H])c([H])c1[H],6,40464
-5.4976,[H]c1nc([H])c(N([H])C([H])([H])C([H])([H])c2c([H])c([H])c(Cl)c(Cl)c2[H])c([H])c1[H],6,46611
-4.01663,[H]c1nc([H])c(N([H])C(=O)C([H])([H])C([H])([H])N2C([H])([H])C([H])([H])C([H])([H])C([H])([H])C2([H])[H])c([H])c1[H],6,19902
-4.96369,[H]c1nc([H])c(-n2c([H])nc(C(=O)N3C([H])([H])C([H])([H])C([H])([H])C([H])([H])C3([H])[H])c2[H])c([H])c1[H],6,11895
-4.70825,[H]c1nc([H])c(-n2c([H])nc(C([H])([H])C([H])([H])N([H])C(=O)C([H])([H])[H])c2[H])c([H])c1[H],6,38195
-5.03069,[H]c1nc([H])c(N([H])S(=O)(=O)N([H])C(=O)c2c([H])c([H])nc([H])c2[H])c([H])c1[H],6,26010
-4.36877,[H]c1nc([H])c(C(=O)OC([H])([H])N(C([H])([H])[H])C([H])([H])c2c([H])c([H])c([H])c([H])c2[H])c([H])c1[H],6,44031
-4.46885,[H]c1nc([H])c(N([H])C(=O)c2nc([H])c([H])c([H])c2C([H])([H])[H])c([H])c1[H],6,24302
-4.76374,[H]Oc1c([H])c([H])c(OC([H])([H])C(=O)N([H])c2c([H])nc([H])c([H])c2[H])c([H])c1[H],6,42316
-4.973,[H]c1nc([H])c(N([H])C(=O)N([H])C([H])([H])c2c([H])c([H])c(Cl)c(Cl)c2[H])c([H])c1[H],6,46618
-4.64153,[H]c1nc([H])c(-c2nc(N3C([H])([H])C([H])([H])N(C(=O)C([H])([H])[H])C([H])([H])C3([H])[H])c([H])c([H])c2[H])c([H])c1[H],6,24680
-5.17899,[H]c1nc([H])c(N([H])C(=O)Oc2c([H])c([H])c([H])c(Cl)c2Cl)c([H])c1[H],6,48863
-5.22557,[H]c1nc([H])c(-n2c([H])nc(C([H])([H])c3c([H])c([H])c(F)c([H])c3[H])c2[H])c([H])c1[H],6,12095
-0.0,[H]c1nc([H])c(OC(=O)N([H])c2c([H])c([H])c([H])c(Cl)c2Cl)c([H])c1[H],6,48862
-5.06894,[H]c1nc([H])c(-c2nc([H])c([H])c(C3([H])C([H])([H])C([H])([H])OC([H])([H])C3([H])[H])c2[H])c([H])c1[H],6,10775
-5.21149,[H]c1nc([H])c(N([H])S(=O)(=O)c2nc(C(F)(F)F)c([H])c([H])c2[H])c([H])c1[H],6,49510
-4.01663,[H]c1nc([H])c(N([H])C(=O)C([H])([H])C([H])([H])N2C([H])([H])C([H])([H])C([H])([H])C([H])([H])C2([H])[H])c([H])c1[H],6,6016
-5.07501,[H]c1nc([H])c(-c2nc([H])c(C([H])([H])c3c([H])c([H])c(F)c([H])c3[H])c([H])c2[H])c([H])c1[H],6,12057
-4.58962,[H]c1nc([H])c(-c2nc(N3C([H])([H])C([H])([H])C([H])(N(C([H])([H])[H])C([H])([H])[H])C([H])([H])C3([H])[H])c([H])c([H])c2[H])c([H])c1[H],6,49780
-4.63691,[H]c1nc([H])c(C(=O)N([H])S(=O)(=O)C([H])([H])c2c([H])c([H])nc([H])c2[H])c([H])c1[H],6,10471
-4.36877,[H]c1nc([H])c(C(=O)OC([H])([H])N(C([H])([H])[H])C([H])([H])c2c([H])c([H])c([H])c([H])c2[H])c([H])c1[H],6,39629
-4.5842,[H]c1nc([H])c(S(=O)(=O)N([H])C(=O)OC([H])([H])c2c([H])c([H])c([H])c([H])c2[H])c([H])c1[H],6,35409
-5.38828,[H]c1nc([H])c(N2C([H])([H])C([H])([H])C([H])(c3c([H])c([H])c([H])c(Cl)c3Cl)C([H])([H])C2([H])[H])c([H])c1[H],6,48835
-4.66267,[H]c1nc([H])c(C(=S)N([H])C([H])([H])c2c([H])c([H])c3c([H])c([H])c([H])c([H])c3c2[H])c([H])c1[H],6,39866
-4.33586,[H]c1nc([H])c(-c2nc(C([H])([H])Cl)c([H])s2)c([H])c1[H],6,40950
-5.31146,[H]c1nc([H])c(C(=O)N([H])S(=O)(=O)C([H])([H])c2c([H])c([H])c(Cl)c([H])c2[H])c([H])c1[H],6,18571
-4.73813,[H]c1nc([H])c(-c2nnn(-c3nc(C([H])([H])[H])c([H])c([H])c3[H])c2[H])c([H])c1[H],6,20465
-4.6141,[H]c1nc([H])c(N([H])C(=S)c2nc([H])c([H])c([H])c2C([H])([H])[H])c([H])c1[H],6,24367
-5.3078,[H]c1nc(C([H])([H])Oc2c([H])c([H])c([H])c([H])c2[H])nc(-c2c([H])nc([H])c([H])c2[H])c1[H],6,28090
-4.79581,[H]c1nc([H])c(C([H])([H])N([H])c2c([H])c([H])c([H])c(Cl)c2Cl)c([H])c1[H],6,48812
-4.90255,[H]c1nc([H])c(-c2c([H])c([H])c([H])c(N3C([H])([H])C([H])([H])N(C([H])([H])[H])C([H])([H])C([H])([H])C3([H])[H])c2[H])c([H])c1[H],6,29644
-4.91578,[H]c1nc([H])c(C(=O)N([H])c2c([H])c(OC([H])([H])[H])c([H])c(OC([H])([H])[H])c2[H])c([H])c1[H],6,39501
-5.274,[H]c1nc([H])c(-c2nc([H])c(C([H])([H])c3c([H])c([H])c(C([H])([H])[H])c([H])c3[H])c([H])c2[H])c([H])c1[H],6,32357
-5.15065,[H]c1nc([H])c(C2([H])C([H])([H])C([H])([H])N(c3c([H])nc([H])c([H])c3[H])C([H])([H])C2([H])[H])nc1[H],6,8535
-5.40652,[H]c1nc([H])c(N2C([H])([H])C([H])([H])C([H])(C([H])([H])c3c([H])c([H])c(Cl)c([H])c3[H])C([H])([H])C2([H])[H])c([H])c1[H],6,18535
-5.05448,[H]c1nc([H])c(-c2nc(C([H])([H])c3c([H])c([H])c([H])c(F)c3[H])c([H])s2)c([H])c1[H],6,47150
-5.06537,[H]c1nc([H])c(N2C([H])([H])C([H])([H])C([H])(c3c([H])c([H])c([H])c(C(F)(F)F)c3[H])C([H])([H])C2([H])[H])c([H])c1[H],6,13135
-5.00793,[H]c1nc([H])c(C(=O)N([H])N2C([H])([H])C([H])([H])C([H])(c3c([H])nc([H])c([H])c3[H])C([H])([H])C2([H])[H])c([H])c1[H],6,28236
-4.91571,[H]c1nc([H])c(C(=O)N([H])c2c([H])c([H])c([H])c(Cl)c2Cl)c([H])c1[H],6,48801
-4.3869,[H]c1nc([H])c(-c2nc(C([H])([H])N([H])[H])c([H])s2)c([H])c1[H],6,3550
-4.71301,[H]c1nc([H])c(SC([H])([H])c2c([H])c([H])c([H])c(N([H])C(=O)C([H])([H])[H])c2[H])c([H])c1[H],6,46922
-5.08033,[H]c1nc([H])c([C@@]([H])(C(=O)N([H])c2c([H])c([H])c([H])c(OC(F)(F)F)c2[H])C([H])([H])[H])c([H])c1[H],6,39482
-5.59203,[H]c1nc([H])c(C(=O)N([H])S(=O)(=O)C([H])([H])c2c([H])c([H])c3c([H])c([H])c([H])c([H])c3c2[H])c([H])c1[H],6,39871
-5.03027,[H]c1nc([H])c(-c2nc([H])c([H])c(-c3c([H])nc([H])c(OC([H])([H])[H])c3[H])c2[H])c([H])c1[H],6,27275
-5.12416,[H]c1nc([H])c(-c2nc(C([H])([H])C([H])([H])C([H])([H])C([H])([H])C([H])([H])C([H])([H])C([H])([H])[H])c([H])s2)c([H])c1[H],6,19750
-4.81455,[H]Oc1c([H])c([H])c([H])c(S(=O)(=O)N([H])C(=O)c2c([H])nc([H])c([H])c2[H])c1[H],6,4871
-5.20349,[H]c1nc([H])c(-n2c([H])nc(C([H])([H])c3c([H])c([H])c([H])c(F)c3[H])c2[H])c([H])c1[H],6,47195
-4.11423,[H]c1nc([H])c(C(=O)N2C([H])([H])C([H])([H])C([H])([H])C([H])([H])C2([H])[H])c([H])c1[H],6,3704
-5.08866,[H]c1nc([H])c(-c2c([H])c([H])nc(-c3c([H])c([H])c([H])c(OC(F)(F)F)c3[H])c2[H])c([H])c1[H],6,39476
-5.39546,[H]c1nc([H])c(C(=O)N([H])S(=O)(=O)c2c([H])c([H])c([H])c(OC(F)(F)F)c2[H])c([H])c1[H],6,39471
-5.03726,[H]c1nc([H])c(C(=O)N([H])S(=O)(=O)OC([H])([H])c2c([H])c([H])nc([H])c2[H])c([H])c1[H],6,48771
-4.60669,[H]c1nc([H])c(N([H])C(=O)c2c([H])c([H])c([H])c([H])c2OC([H])([H])[H])c([H])c1[H],6,8202
-4.53038,[H]c1nc([H])c(N([H])C(=O)[C@]([H])(N2C([H])([H])C([H])([H])N(C([H])([H])[H])C([H])([H])C2([H])[H])C([H])([H])[H])c([H])c1[H],6,3383
-4.94685,[H]c1nc([H])c(C#CC(=O)N([H])S(=O)(=O)c2c([H])nc([H])c([H])c2[H])c([H])c1[H],6,36570
-4.96204,[H]c1nc([H])c(C(=O)N([H])[C@@]([H])(c2c(C([H])([H])[H])noc2C([H])([H])[H])C([H])([H])[H])c([H])c1[H],6,24537
-4.46894,[H]c1nc([H])c(C(=O)N([H])c2c([H])c([H])c([H])c([H])c2Cl)c([H])c1[H],6,6201
-5.585,[H]c1nc([H])c(N2C([H])([H])C([H])([H])C([H])([H])[C@]2([H])C([H])([H])c2c([H])c([H])c(Cl)c(Cl)c2[H])c([H])c1[H],6,46678
-4.89088,[H]c1nc([H])c(N([H])C(=S)c2c([H])c([H])c(N([H])C(=O)C([H])([H])[H])c([H])c2[H])c([H])c1[H],6,29767
-4.82167,[H]c1nc([H])c(C(=O)N([H])[C@@]([H])(N2C([H])([H])C([H])([H])C([H])([H])C([H])([H])C2([H])[H])C([H])([H])[H])c([H])c1[H],6,3737
-4.97468,[H]c1nc(C(=O)N([H])c2c([H])nc([H])c([H])c2[H])c([H])c(-c2c([H])nc([H])c([H])c2[H])n1,6,17077
-5.30126,[H]c1nc([H])c(N2C([H])([H])C([H])([H])C([H])(c3c([H])c([H])c([H])c(N([H])C(=O)C([H])([H])[H])c3[H])C([H])([H])C2([H])[H])c([H])c1[H],6,46935
-5.19315,[H]c1nc([H])c(-n2nnc(C([H])([H])c3c([H])nc([H])c([H])c3[H])c2[H])c([H])c1[H],6,14964
-5.5128,[H]c1nc([H])c(N([H])C(=S)c2nc(C(F)(F)F)c([H])c([H])c2[H])c([H])c1[H],6,49567
-4.99982,[H]c1nc([H])c([C@@]([H])(C(=O)N([H])c2c([H])nc(C(F)(F)F)c([H])c2[H])C([H])([H])[H])c([H])c1[H],6,42182
-4.68496,[H]c1nc([H])c(N([H])C(=O)N([H])c2c([H])c([H])c([H])c([H])c2OC([H])([H])[H])c([H])c1[H],6,8218
-5.03258,[H]c1nc([H])c(-c2c([H])c([H])nc(C([H])([H])C3([H])C([H])([H])C3([H])[H])c2[H])c([H])c1[H],6,12976
-5.34212,[H]c1nc([H])c(-c2nc(C([H])([H])C([H])([H])C([H])([H])c3c([H])c([H])c([H])c([H])c3[H])c([H])s2)c([H])c1[H],6,13950
-4.96699,[H]c1nc([H])c(-c2nc(C([H])([H])OC([H])([H])c3c([H])c([H])c([H])c([H])c3[H])c([H])s2)c([H])c1[H],6,47350
-4.97709,[H]c1nc([H])c(C(=O)N([H])[C@@]([H])(C(=O)c2sc([H])c([H])c2[H])C([H])([H])[H])c([H])c1[H],6,29537
-5.33829,[H]c1nc([H])c(-c2nnn(C([H])([H])Oc3c([H])c([H])c([H])c([H])c3[H])c2[H])c([H])c1[H],6,28065
-4.38772,[H]c1nc([H])c(-c2nc(N3C([H])([H])C([H])([H])C([H])([H])C([H])([H])C3([H])[H])c([H])c([H])c2[H])c([H])c1[H],6,3780
-4.24996,[H]c1nc([H])c(C(=O)N([H])[C@@]([H])(N([H])C(=O)C2([H])C([H])([H])C2([H])[H])C([H])([H])[H])c([H])c1[H],6,43637
-5.53929,[H]c1nc(-c2c([H])nc([H])c([H])c2[H])c([H])c(C([H])([H])N(C([H])([H])[H])C([H])([H])c2c([H])c([H])c([H])c([H])c2[H])n1,6,39677
-5.4642,[H]c1nc([H])c(-n2c([H])nc(-c3c([H])c(Cl)c([H])c(Cl)c3[H])c2[H])c([H])c1[H],6,40795
-4.55287,[H]c1nc([H])c(C2([H])C([H])([H])C([H])([H])N(N([H])C(=O)C3([H])C([H])([H])C3([H])[H])C([H])([H])C2([H])[H])c([H])c1[H],6,43636
-4.85816,[H]c1nc([H])c(C(=O)N([H])S(=O)(=O)c2nc(C(F)(F)F)c([H])c([H])c2[H])c([H])c1[H],6,49571
-4.78095,[H]c1nc(C(=O)N([H])C([H])([H])C2([H])C([H])([H])C2([H])[H])c(-c2c([H])nc([H])c([H])c2[H])nc1[H],6,48398
-4.78274,[H]c1nc([H])c(N2C([H])([H])C([H])([H])C([H])(C(=O)c3c([H])c([H])c(F)c([H])c3[H])C([H])([H])C2([H])[H])c([H])c1[H],6,21535
-4.33978,[H]c1nc([H])c(N([H])C(=O)C(=O)N2C([H])([H])C([H])([H])C([H])([H])C([H])([H])C2([H])[H])c([H])c1[H],6,11802
-5.05177,[H]c1nc([H])c(N([H])C(=O)[C@]([H])(Oc2c([H])c([H])c([H])c(C([H])([H])[H])c2[H])C([H])([H])[H])c([H])c1[H],6,45583
-5.22213,[H]c1nc([H])c(-n2c([H])nc(-c3c([H])c([H])c([H])c([H])c3Cl)c2[H])c([H])c1[H],6,6295
-5.05484,[H]c1nc([H])c(C(=O)N([H])[C@]([H])(C([H])([H])[H])C([H])([H])c2c([H])c([H])c(Cl)c(Cl)c2[H])c([H])c1[H],6,46637
-5.34111,[H]c1nc([H])c(-n2c([H])nc(-c3c([H])c([H])c([H])c(-c4c([H])c([H])c([H])c([H])c4[H])c3[H])c2[H])c([H])c1[H],6,34795
-0.0,[H]c1nc([H])c(C2([H])C([H])([H])C([H])([H])N(c3c([H])c([H])c([H])c(C([H])([H])N([H])[H])c3[H])C([H])([H])C2([H])[H])c([H])c1[H],6,38536
-5.18608,[H]c1nc([H])c(-n2c([H])nc(C([H])([H])c3c([H])c([H])c4c([H])c([H])c([H])c([H])c4c3[H])c2[H])c([H])c1[H],6,39895
-5.24314,[H]c1nc([H])c(-n2nc([H])c(N3C([H])([H])C([H])([H])N(C([H])([H])[H])C([H])([H])C([H])([H])C3([H])[H])c2[H])c([H])c1[H],6,29660
-0.0,[H]c1nc([H])c(-c2c([H])nc(-c3c([H])c([H])c(OC([H])([H])[H])c(OC([H])([H])[H])c3[H])c([H])c2[H])c([H])c1[H],6,16558
-4.56955,[H]c1nc([H])c(N([H])C(=S)c2c([H])c([H])c([H])n2[H])c([H])c1[H],6,39367
-5.26727,[H]c1nc([H])c([C@]([H])(N([H])C(=O)C([H])([H])c2c([H])c([H])c(Cl)c(Cl)c2[H])C([H])([H])[H])c([H])c1[H],6,46638
-5.12141,[H]c1nc(-c2c([H])nc([H])c([H])c2[H])c(N([H])c2c([H])c([H])c([H])c([H])c2[H])nc1[H],6,4398
-4.5842,[H]c1nc([H])c(S(=O)(=O)N([H])C(=O)OC([H])([H])c2c([H])c([H])c([H])c([H])c2[H])c([H])c1[H],6,3470
-6.01526,[H]c1nc([H])c(C2([H])C([H])([H])C([H])([H])N(c3c([H])c([H])c([H])c(OC(F)(F)F)c3[H])C([H])([H])C2([H])[H])c([H])c1[H],6,39436
-5.24788,[H]c1nc([H])c(N([H])C(=S)c2c([H])c([H])c([H])c(N([H])C(=O)C([H])([H])[H])c2[H])c([H])c1[H],6,46967
-4.88968,[H]c1nc(-c2c([H])nc([H])c([H])c2[H])c([H])c(C([H])([H])Oc2c([H])c([H])c([H])c([H])c2[H])n1,6,28077
-3.93521,[H]c1nc([H])c(N([H])C(=O)C2([H])C([H])([H])C2([H])[H])c([H])c1[H],6,3902
-4.56678,[H]c1nc([H])c(N([H])S(=O)(=O)c2oc3c([H])c([H])c([H])c([H])c3c2[H])c([H])c1[H],6,15310
-5.15247,[H]c1nc([H])c(-c2nc([H])c([H])c(-c3nc(C(F)(F)F)c([H])c([H])c3[H])c2[H])c([H])c1[H],6,49575
-5.09866,[H]c1nc([H])c([C@@]([H])(C(=O)N([H])c2nc(C(F)(F)F)c([H])c([H])c2[H])C([H])([H])[H])c([H])c1[H],6,49582
-4.68818,[H]c1nc([H])c(N2C([H])([H])C([H])([H])C([H])(c3sc([H])c([H])c3[H])C([H])([H])C2([H])[H])c([H])c1[H],6,3835
-4.48697,[H]c1nc([H])c(C(=O)N([H])[C@@]([H])(N2C([H])([H])C([H])([H])C([H])(OC([H])([H])[H])C([H])([H])C2([H])[H])C([H])([H])[H])c([H])c1[H],6,46037
-4.90163,[H]c1nc([H])c(N([H])C(=O)c2sc(Cl)c([H])c2[H])c([H])c1[H],6,20002
-5.22518,[H]c1nc([H])c(-c2c([H])c([H])nc(-c3nc(C(F)(F)F)c([H])c([H])c3[H])c2[H])c([H])c1[H],6,49576
-4.84149,[H]c1nc([H])c(S(=O)(=O)Oc2c([H])c([H])c([H])c(Cl)c2Cl)c([H])c1[H],6,48884
-5.10468,[H]c1nc([H])c(C(=O)N([H])S(=O)(=O)c2c([H])nc([H])c(OC([H])([H])[H])c2[H])c([H])c1[H],6,27271
-4.38141,[H]c1nc([H])c(C([H])([H])N([H])C(=O)c2c([H])c([H])c([H])c([H])c2OC([H])([H])[H])c([H])c1[H],6,8214
-4.82112,[H]c1nc([H])c(C(=O)N([H])S(=O)(=O)C([H])([H])N([H])C([H])([H])c2c([H])c([H])c([H])c([H])c2[H])c([H])c1[H],6,48671
-4.57095,[H]c1nc([H])c(C#CC(=O)N2C([H])([H])C([H])([H])C([H])([H])C([H])([H])C2([H])[H])c([H])c1[H],6,11824
-5.46896,[H]c1nc([H])c(N([H])C(=O)[C@]([H])(c2c([H])c([H])c(Cl)c(Cl)c2[H])C([H])([H])[H])c([H])c1[H],6,15783
-4.53179,[H]c1nc([H])c(N([H])[C@]([H])(C(=O)N2C([H])([H])C([H])([H])N(C([H])([H])[H])C([H])([H])C2([H])[H])C([H])([H])[H])c([H])c1[H],6,18028
-4.78588,[H]c1nc([H])c(-c2nnn(-c3c([H])c([H])c([H])c(C([H])([H])N([H])[H])c3[H])c2[H])c([H])c1[H],6,38565
-4.86749,[H]c1nc([H])c(S(=O)(=O)N([H])C(=O)OC([H])([H])C2([H])C([H])([H])C2([H])[H])c([H])c1[H],6,31670
-4.74369,[H]c1nc([H])c(-c2nc(C([H])([H])C([H])([H])C([H])([H])C([H])([H])[H])c([H])s2)c([H])c1[H],6,2850
-5.11559,[H]c1nc([H])c(N([H])C(=O)C([H])([H])c2c([H])c([H])c(Cl)c(Cl)c2[H])c([H])c1[H],6,15716
-5.11559,[H]c1nc([H])c(N([H])C(=O)C([H])([H])c2c([H])c([H])c(Cl)c(Cl)c2[H])c([H])c1[H],6,46602
-4.78664,[H]c1nc([H])c(C([H])([H])Sc2c([H])c([H])c(Cl)c(Cl)c2[H])c([H])c1[H],6,15723
-5.03404,[H]c1nc([H])c(-n2nnc(N([H])c3c([H])c([H])c(OC([H])([H])[H])c([H])c3[H])c2[H])c([H])c1[H],6,18464
-5.33438,[H]c1nc([H])c(N2C([H])([H])C([H])([H])C([H])(C([H])([H])c3c([H])c([H])c(C([H])([H])[H])c([H])c3[H])C([H])([H])C2([H])[H])c([H])c1[H],6,32335
-4.64206,[H]c1nc([H])c(N([H])C(=O)[C@]([H])(n2c([H])c([H])c([H])c2[H])C([H])([H])[H])c([H])c1[H],6,34283
-5.30875,[H]c1nc([H])c(-c2nc([H])c([H])c(C([H])([H])c3c([H])nc([H])c([H])c3[H])c2[H])c([H])c1[H],6,14975
-5.10986,[H]c1nc([H])c(-c2c([H])nn(C([H])([H])C([H])([H])Oc3c([H])c([H])c([H])c([H])c3[H])c2[H])c([H])c1[H],6,43261
-5.25272,[H]C(=C([H])C([H])([H])c1c([H])c([H])c(Cl)c(Cl)c1[H])c1c([H])nc([H])c([H])c1[H],6,46626
-5.14227,[H]c1nc([H])c(N([H])C(=S)c2c([H])c([H])c(Cl)c([H])c2Cl)c([H])c1[H],6,29167
-5.03122,[H]c1nc([H])c(-c2nc([H])n(N3C([H])([H])C([H])([H])N(C([H])([H])[H])C([H])([H])C([H])([H])C3([H])[H])c2[H])c([H])c1[H],6,29696
-4.76231,[H]Oc1c([H])c([H])c(Oc2nc(-c3c([H])nc([H])c([H])c3[H])c([H])c([H])c2[H])c([H])c1[H],6,42380
-5.09145,[H]c1nc([H])c(-n2c([H])nc(N3C([H])([H])C([H])([H])N(C([H])([H])[H])C([H])([H])C([H])([H])C3([H])[H])c2[H])c([H])c1[H],6,29695
-5.10446,[H]c1nc([H])c(-n2nnc(C([H])([H])C([H])([H])C([H])([H])c3c([H])c([H])c([H])c([H])c3[H])c2[H])c([H])c1[H],6,13964
-4.50465,[H]c1nc([H])c(C(=S)N([H])N([H])C(=O)C2([H])C([H])([H])C2([H])[H])c([H])c1[H],6,43666
-4.61783,[H]c1nc([H])c(N([H])C(=O)C([H])([H])c2c([H])c([H])c(OC([H])([H])[H])c(OC([H])([H])[H])c2[H])c([H])c1[H],6,16516
-4.8339,[H]c1nc([H])c(-c2nc([H])c([H])c(N3C([H])([H])C([H])([H])N(C([H])([H])[H])C([H])([H])C([H])([H])C3([H])[H])c2[H])c([H])c1[H],6,29675
-5.13205,[H]c1nc([H])c(C(=O)N([H])[C@@]([H])(C(=O)c2c([H])c([H])nc([H])c2[H])C([H])([H])[H])c([H])c1[H],6,49237
-4.9043,[H]c1nc([H])c(-n2nnc(N([H])c3c([H])c([H])c([H])c([H])c3[H])c2[H])c([H])c1[H],6,4364
-4.7338,[H]c1nc([H])c(N([H])C(=S)[C@@]([H])(c2c([H])c([H])c([H])c([H])c2[H])C([H])([H])[H])c([H])c1[H],6,38967
-4.91083,[H]c1nc([H])c(-c2nc(N(C([H])([H])[H])C([H])([H])c3c([H])c([H])c([H])c([H])c3[H])c([H])s2)c([H])c1[H],6,44050
-4.9239,[H]c1nc([H])c(-n2nc([H])c(-c3c(C([H])([H])[H])noc3C([H])([H])[H])c2[H])c([H])c1[H],6,24560
-5.03593,[H]C(=C([H])c1c([H])c([H])c([H])c(Cl)c1Cl)c1c([H])nc([H])c([H])c1[H],6,48826
-4.19455,[H]c1nc([H])c(N([H])S(=O)(=O)c2nc([H])c([H])n2C([H])([H])[H])c([H])c1[H],6,30710
-4.91673,[H]c1nc([H])c(-n2c([H])nc(C([H])([H])N3C([H])([H])C([H])([H])N(C([H])([H])[H])C([H])([H])C3([H])[H])c2[H])c([H])c1[H],6,14195
-3.98098,[H]c1nc([H])c(N([H])C(=NN([H])C(=S)N([H])[H])C([H])([H])[H])c([H])c1[H],6,42603
-5.46541,[H]c1nc([H])c(-n2nc([H])c(-c3nc([H])c([H])c([H])c3C(F)(F)F)c2[H])c([H])c1[H],6,27360
-4.92892,[H]c1nc([H])c(S(=O)(=O)N(C(=O)N2C([H])([H])C([H])([H])C([H])([H])C([H])([H])C2([H])[H])C([H])([H])[H])c([H])c1[H],6,11868
-4.53635,[H]c1nc([H])c(-c2nc(C([H])([H])C(=O)N([H])C([H])([H])[H])c([H])s2)c([H])c1[H],6,31250
-4.87342,[H]c1nc([H])c(N([H])C(=S)c2nn(C([H])([H])[H])c([H])c2[H])c([H])c1[H],6,37067
-4.6239,[H]c1nc([H])c(N([H])C(=S)c2c([H])c([H])c([H])c([H])c2[H])c([H])c1[H],6,50767
-5.14249,[H]c1nc([H])c(-n2c([H])nc(-c3nc([H])c([H])c([H])c3C([H])([H])[H])c2[H])c([H])c1[H],6,24395
-5.39813,[H]c1nc([H])c([C@]([H])(N([H])C(=O)c2c([H])c([H])c([H])c(Cl)c2Cl)C([H])([H])[H])c([H])c1[H],6,48838
-4.97491,[H]Oc1c([H])c(O[H])c([H])c(-c2nc([H])n(-c3c([H])nc([H])c([H])c3[H])c2[H])c1[H],6,43395
-4.78084,[H]c1nc([H])c(C(=O)N([H])S(=O)(=O)OC([H])([H])C2([H])C([H])([H])C2([H])[H])c([H])c1[H],6,31671
-4.8529,[H]c1nc(OC([H])([H])[H])c(C(=S)N([H])c2c([H])nc([H])c([H])c2[H])c([H])c1[H],6,25767
-4.57053,[H]c1nc([H])c(-n2c([H])nc(C([H])([H])C([H])([H])C([H])([H])[H])c2[H])c([H])c1[H],6,1495
-5.14427,[H]c1nc([H])c(-c2nc(C([H])([H])c3c([H])c([H])c([H])c(OC([H])([H])[H])c3[H])c([H])s2)c([H])c1[H],6,38750
-4.66847,[H]c1nc([H])c(N2C([H])([H])C([H])([H])N(C([H])([H])N3C([H])([H])C([H])([H])N(C([H])([H])[H])C([H])([H])C3([H])[H])C([H])([H])C2([H])[H])c([H])c1[H],6,14133
-4.55887,[H]c1nc([H])c(C(=O)N([H])[C@]([H])(C([H])([H])[H])C2([H])C([H])([H])C([H])([H])OC([H])([H])C2([H])[H])c([H])c1[H],6,10737
-4.74936,[H]c1nc([H])c(OC(=O)C([H])([H])c2c([H])c([H])c(Cl)c(Cl)c2[H])c([H])c1[H],6,46630
-4.30322,[H]c1nc([H])c(O[C@]([H])(C(=O)N2C([H])([H])C([H])([H])N(C([H])([H])[H])C([H])([H])C2([H])[H])C([H])([H])[H])c([H])c1[H],6,18056
-5.16717,[H]c1nc([H])c(-c2nc(C([H])([H])c3c([H])c([H])c([H])c(Cl)c3[H])c([H])s2)c([H])c1[H],6,25250
-4.71826,[H]O[C@]([H])(C(=S)N([H])c1c([H])nc([H])c([H])c1[H])c1c([H])c([H])c([H])c([H])c1[H],6,42867
-4.31329,[H]c1nc([H])c(-c2nc(N3C([H])([H])C([H])([H])C3([H])[H])c([H])c([H])c2[H])c([H])c1[H],6,32280
-4.05884,[H]c1nc([H])c([C@@]([H])(C(=O)N2C([H])([H])C([H])([H])OC([H])([H])C2([H])[H])C([H])([H])[H])c([H])c1[H],6,7734
-4.27416,[H]c1nc([H])c(N([H])S(=O)(=O)c2nc(C([H])([H])[H])c([H])c([H])c2[H])c([H])c1[H],6,20410
-4.78175,[H]c1nc([H])c(-n2c([H])nc(C([H])([H])C(F)(F)F)c2[H])c([H])c1[H],6,49195
-4.42506,[H]c1nc([H])c(C(=O)N([H])S(=O)(=O)OC([H])(C([H])([H])[H])C([H])([H])[H])c([H])c1[H],6,7371
-4.06323,[H]c1nc([H])c(C(=O)N([H])C([H])([H])N2C([H])([H])C([H])([H])C([H])(N(C([H])([H])[H])C([H])([H])[H])C([H])([H])C2([H])[H])c([H])c1[H],6,49713
-4.09692,[H]c1nc([H])c(N([H])C(=O)C2([H])C([H])([H])C([H])([H])N([H])C([H])([H])C2([H])[H])c([H])c1[H],6,10002
-4.7941,[H]c1nc([H])c(C2([H])C([H])([H])C([H])([H])N(C(=O)c3c([H])c([H])nc([H])c3[H])C([H])([H])C2([H])[H])c([H])c1[H],6,49236
-4.353,[H]c1nc([H])c(-c2c([H])nn(C([H])([H])C([H])([H])C([H])([H])C([H])([H])[H])c2[H])c([H])c1[H],6,2861
-4.40101,[H]c1nc([H])c(C(=O)N(c2nc(C([H])([H])[H])c([H])c([H])c2[H])C([H])([H])[H])c([H])c1[H],6,20447
-5.16448,[H]c1nc([H])c(-c2c([H])nn(-c3c([H])c([H])c([H])c(C([H])([H])N([H])[H])c3[H])c2[H])c([H])c1[H],6,38561
-4.79257,[H]c1nc(-c2c([H])nc([H])c([H])c2[H])c([H])c([C@@]([H])(C([H])([H])[H])C([H])([H])C([H])([H])[H])n1,6,43777
-5.21776,[H]c1nc([H])c(-n2c([H])nc(-c3c([H])c([H])c4c([H])c([H])n([H])c4c3[H])c2[H])c([H])c1[H],6,39995
-5.04896,[H]c1nc([H])c(C(=O)N([H])S(=O)(=O)N([H])c2c([H])c([H])c(Cl)c([H])c2[H])c([H])c1[H],6,45071
-4.73199,[H]c1nc([H])c(-n2c([H])nc([C@@]([H])(C([H])([H])[H])C([H])([H])C([H])([H])[H])c2[H])c([H])c1[H],6,43795
-5.1944,[H]c1nc([H])c(N([H])C(=O)c2c([H])c([H])c(Cl)c(Cl)c2[H])c([H])c1[H],6,15702
-5.07312,[H]c1nc([H])c(-n2c([H])nc(-c3nc(OC([H])([H])[H])c([H])c([H])c3[H])c2[H])c([H])c1[H],6,22995
-4.41886,[H]c1nc([H])c(N([H])C(=O)C2([H])C([H])([H])C([H])([H])N(C([H])([H])[H])C([H])([H])C2([H])[H])c([H])c1[H],6,13002
-4.88979,[H]c1nc([H])c(-c2nc(C([H])([H])c3sc([H])c([H])c3[H])c([H])c([H])c2[H])c([H])c1[H],6,23580
-5.3805,[H]c1nc([H])c(C(=O)N([H])S(=O)(=O)c2c([H])c([H])c3c([H])c([H])n([H])c3c2[H])c([H])c1[H],6,39971
-4.64917,[H]c1nc([H])c(C([H])([H])N([H])C(=O)c2c([H])c([H])c([H])c(N([H])C(=O)C([H])([H])[H])c2[H])c([H])c1[H],6,46914
-5.25971,[H]c1nc([H])c(-c2c([H])c([H])nc(C([H])([H])c3c([H])nc([H])c([H])c3[H])c2[H])c([H])c1[H],6,14976
-4.98862,[H]c1nc([H])c(N([H])C(=O)[C@]([H])(c2c([H])c(Cl)c([H])c(Cl)c2[H])C([H])([H])[H])c([H])c1[H],6,40783
-4.8117,[H]c1nc([H])c(C(=S)N([H])C([H])([H])c2c([H])c([H])c(C([H])([H])[H])c([H])c2[H])c([H])c1[H],6,32366
-4.96023,[H]c1nc([H])c(C(=O)N([H])S(=O)(=O)c2nc([H])c([H])n2C([H])([H])[H])c([H])c1[H],6,30771
-5.18421,[H]c1nc([H])c(-c2nc([H])c([H])c(C([H])([H])Oc3c([H])c([H])c([H])c([H])c3[H])c2[H])c([H])c1[H],6,28075
-5.00654,[H]c1nc([H])c(-n2nnc(N([H])C([H])([H])c3c([H])nc([H])c([H])c3[H])c2[H])c([H])c1[H],6,23164
-4.97605,[H]c1nc([H])c(N([H])C(=O)c2c([H])c([H])c([H])c(N([H])C(=O)C([H])([H])[H])c2[H])c([H])c1[H],6,46902
-5.3402,[H]c1nc([H])c(N([H])C(=O)[C@]([H])(Oc2c([H])c([H])c([H])c(Cl)c2[H])C([H])([H])[H])c([H])c1[H],6,33583
-4.52175,[H]c1nc([H])c(C(=O)N([H])S(=O)(=O)c2c([H])c([H])nc([H])c2[H])c([H])c1[H],6,1371
-4.1607,[H]c1nc([H])c(N([H])C(=O)OC([H])([H])Oc2c([H])c([H])c([H])c([H])c2[H])c([H])c1[H],6,28063
-4.78264,[H]c1nc([H])c(C(=S)N([H])c2c([H])c([H])c(C([H])(C([H])([H])[H])C([H])([H])[H])c([H])c2[H])c([H])c1[H],6,41666
-4.36391,[H]c1nc([H])c(N([H])C(=S)C2=NC([H])([H])C([H])([H])N2[H])c([H])c1[H],6,37567
-4.45302,[H]c1nc([H])c(C(=O)N([H])S(=O)(=O)C([H])([H])c2c([H])c([H])c(C([H])([H])[H])c([H])c2[H])c([H])c1[H],6,32371
